1651 4 000 0 00
0
2.5056
3.89543
3.65716
2.15825
0.445392
-0.324167
0.488755
2.65754
5.21141
6.96045
7.13956
5.8221
3.8792
2.50662
2.57579
4.16071
6.4972
8.39659
8.88963
7.75152
5.62353
3.66526
2.92604
3.77615
5.70634
7.6041
8.35713
7.4567
5.27404
2.85972
1.37499
1.46309
2.90151
4.72363
5.74369
5.20073
3.17223
0.533338
-1.51622
-2.10117
-1.1438
0.595289
1.93081
1.89672
0.271217
-2.30166
-4.65978
-5.75156
-5.20469
-3.52671
-1.82869
-1.22182
-2.21397
-4.4334
-6.82932
-8.24061
-8.02443
-6.40401
-4.34703
-3.04055
-3.24719
-4.89136
-7.10011
-8.67615
-8.74689
-7.23755
-4.91187
-2.95846
-2.34689
-3.30261
-5.1854
-6.83705
-7.20998
-5.93598
-3.52671
-1.09741
0.236601
-0.0367022
-1.54966
-3.25549
-3.997
-3.13515
-0.89685
1.74673
3.60517
3.91274
2.74209
0.963484
-0.228228
0.0373524
1.8331
4.39365
6.52905
7.26872
6.38644
4.52204
2.83362
2.36897
3.49682
5.70634
7.88343
8.9142
8.28834
6.37553
4.2248
2.99591
3.33062
5.00506
7.05123
8.28213
7.93558
6.08795
3.61336
1.7106
1.25411
2.32089
4.14968
5.55472
5.56956
3.9721
1.40625
-0.965915
-2.09273
-1.60168
-2.58E-07
1.60168
2.09273
0.965915
-1.40625
-3.9721
-5.56956
-5.55472
-4.14968
-2.32089
-1.25411
-1.7106
-3.61336
-6.08795
-7.93558
-8.28213
-7.05123
-5.00506
-3.33063
-2.99591
-4.2248
-6.37553
-8.28834
-8.9142
-7.88343
-5.70634
-3.49682
-2.36897
-2.83362
-4.52204
-6.38643
-7.26872
-6.52906
-4.39365
-1.83311
-0.0373527
0.228228
-0.963484
-2.74208
-3.91274
-3.60517
-1.74673
0.89685
3.13515
3.997
3.2555
1.54966
0.0367025
-0.236601
1.09741
3.52671
5.93598
7.20998
6.83705
5.1854
3.30261
2.34689
2.95846
4.91187
7.23755
8.74689
8.67615
7.10011
4.89136
3.24719
3.04055
4.34703
6.40401
8.02443
8.24061
6.82932
4.4334
2.21397
1.22182
1.82869
3.52671
5.20469
5.75156
4.65978
2.30166
-0.271216
-1.89672
-1.93081
-0.59529
1.14379
2.10117
1.51622
-0.533337
-3.17223
-5.20073
-5.74369
-4.72363
-2.90151
-1.46309
-1.37499
-2.85972
-5.27403
-7.4567
-8.35713
-7.6041
-5.70634
-3.77615
-2.92604
-3.66526
-5.62353
-7.75152
-8.88963
-8.39659
-6.4972
-4.16071
-2.57579
-2.50662
-3.8792
-5.8221
-7.13956
-6.96045
-5.21141
-2.65754
-0.488756
0.324167
-0.445391
-2.15825
-3.65716
-3.89543
-2.5056
-7.75E-07
2.5056
3.89543
3.65716
2.15825
0.445392
-0.324167
0.488755
2.65754
5.21141
6.96045
7.13956
5.8221
3.8792
2.50662
2.57579
4.16071
6.4972
8.39659
8.88963
7.75152
5.62353
3.66526
2.92604
3.77615
5.70634
7.6041
8.35713
7.4567
5.27404
2.85972
1.37499
1.46309
2.90151
4.72363
5.74369
5.20074
3.17223
0.533339
-1.51622
-2.10117
-1.1438
0.595289
1.93081
1.89672
0.271217
-2.30166
-4.65978
-5.75156
-5.20469
-3.52671
-1.82869
-1.22182
-2.21397
-4.4334
-6.82932
-8.24061
-8.02443
-6.40401
-4.34703
-3.04055
-3.24719
-4.89136
-7.10011
-8.67615
-8.74689
-7.23755
-4.91187
-2.95846
-2.34689
-3.30261
-5.1854
-6.83705
-7.20998
-5.93598
-3.52671
-1.09741
0.236601
-0.0367019
-1.54966
-3.25549
-3.997
-3.13515
-0.896851
1.74673
3.60517
3.91274
2.74209
0.963485
-0.228227
0.0373521
1.8331
4.39365
6.52905
7.26872
6.38644
4.52204
2.83362
2.36897
3.49682
5.70634
7.88343
8.9142
8.28834
6.37553
4.22481
2.99591
3.33062
5.00506
7.05123
8.28213
7.93558
6.08795
3.61336
1.7106
1.25411
2.32089
4.14968
5.55472
5.56956
3.9721
1.40625
-0.965914
-2.09273
-1.60168
-7.75E-07
1.60168
2.09273
0.965916
-1.40625
-3.9721
-5.56956
-5.55472
-4.14968
-2.32089
-1.25411
-1.7106
-3.61336
-6.08795
-7.93558
-8.28213
-7.05124
-5.00506
-3.33063
-2.99591
-4.2248
-6.37552
-8.28834
-8.9142
-7.88343
-5.70634
-3.49682
-2.36897
-2.83362
-4.52203
-6.38643
-7.26872
-6.52906
-4.39365
-1.83311
-0.037353
0.228228
-0.963483
-2.74208
-3.91274
-3.60517
-1.74673
0.896849
3.13515
3.997
3.2555
1.54966
0.0367028
-0.236601
1.09741
3.52671
5.93598
7.20998
6.83705
5.1854
3.30261
2.34689
2.95846
4.91187
7.23755
8.74689
8.67615
7.10011
4.89136
3.24719
3.04055
4.34703
6.40401
8.02443
8.24061
6.82932
4.4334
2.21397
1.22182
1.82869
3.52671
5.20469
5.75156
4.65978
2.30166
-0.271215
-1.89672
-1.93081
-0.59529
1.14379
2.10117
1.51622
-0.533337
-3.17223
-5.20073
-5.74369
-4.72363
-2.90151
-1.46309
-1.37499
-2.85972
-5.27403
-7.4567
-8.35713
-7.60411
-5.70634
-3.77615
-2.92604
-3.66526
-5.62353
-7.75152
-8.88963
-8.39659
-6.4972
-4.16071
-2.57579
-2.50662
-3.8792
-5.8221
-7.13956
-6.96045
-5.21141
-2.65755
-0.488756
0.324167
-0.445391
-2.15825
-3.65716
-3.89543
-2.5056
-1.55E-06
2.5056
3.89543
3.65716
2.15825
0.445392
-0.324167
0.488755
2.65754
5.21141
6.96045
7.13956
5.82211
3.8792
2.50662
2.57579
4.16071
6.4972
8.39659
8.88963
7.75152
5.62353
3.66526
2.92604
3.77615
5.70634
7.6041
8.35713
7.4567
5.27404
2.85972
1.37499
1.46309
2.90151
4.72363
5.74369
5.20074
3.17223
0.53334
-1.51622
-2.10117
-1.1438
0.595288
1.93081
1.89672
0.271218
-2.30166
-4.65978
-5.75156
-5.20469
-3.52671
-1.8287
-1.22182
-2.21397
-4.4334
-6.82932
-8.24061
-8.02443
-6.40401
-4.34703
-3.04055
-3.24719
-4.89136
-7.10011
-8.67615
-8.74689
-7.23755
-4.91188
-2.95846
-2.34689
-3.30261
-5.1854
-6.83705
-7.20998
-5.93598
-3.52671
-1.09741
0.236601
-0.0367016
-1.54966
-3.25549
-3.997
-3.13516
-0.896852
1.74673
3.60517
3.91274
2.74209
0.963485
-0.228227
0.0373518
1.8331
4.39365
6.52905
7.26872
6.38644
4.52204
2.83362
2.36897
3.49682
5.70634
7.88343
8.9142
8.28834
6.37553
4.22481
2.99591
3.33062
5.00506
7.05123
8.28213
7.93558
6.08795
3.61336
1.7106
1.25411
2.32089
4.14968
5.55472
5.56956
3.9721
1.40625
-0.965914
-2.09273
-1.60168
-1.29E-06
1.60168
2.09273
0.965917
-1.40625
-3.9721
-5.56956
-5.55472
-4.14968
-2.32089
-1.25411
-1.7106
-3.61336
-6.08795
-7.93558
-8.28213
-7.05124
-5.00506
-3.33063
-2.99591
-4.2248
-6.37552
-8.28834
-8.9142
-7.88343
-5.70634
-3.49682
-2.36897
-2.83362
-4.52203
-6.38643
-7.26872
-6.52906
-4.39365
-1.83311
-0.0373533
0.228228
-0.963483
-2.74208
-3.91274
-3.60517
-1.74673
0.896848
3.13515
3.997
3.2555
1.54966
0.0367031
-0.236601
1.0974
3.52671
5.93598
7.20998
6.83705
5.1854
3.30261
2.34689
2.95846
4.91187
7.23755
8.74689
8.67615
7.10011
4.89136
3.24719
3.04055
4.34703
6.40401
8.02443
8.24061
6.82932
4.4334
2.21397
1.22182
1.82869
3.52671
5.20469
5.75156
4.65978
2.30166
-0.271215
-1.89672
-1.93081
-0.59529
1.14379
2.10117
1.51622
-0.533336
-3.17223
-5.20073
-5.74369
-4.72363
-2.90151
-1.46309
-1.37499
-2.85972
-5.27403
-7.4567
-8.35713
-7.60411
-5.70634
-3.77615
-2.92604
-3.66526
-5.62352
-7.75151
-8.88963
-8.39659
-6.4972
-4.16071
-2.57579
-2.50662
-3.8792
-5.8221
-7.13956
-6.96045
-5.21141
-2.65755
-0.488757
0.324167
-0.44539
-2.15825
-3.65716
-3.89543
-2.5056
-2.33E-06
2.5056
3.89543
3.65717
2.15825
0.445393
-0.324167
0.488754
2.65754
5.21141
6.96045
7.13956
5.82211
3.8792
2.50662
2.57579
4.16071
6.4972
8.39659
8.88963
7.75152
5.62353
3.66526
2.92604
3.77615
5.70634
7.6041
8.35713
7.4567
5.27404
2.85973
1.37499
1.46309
2.90151
4.72363
5.74369
5.20074
3.17223
0.53334
-1.51622
-2.10117
-1.1438
0.595288
1.93081
1.89672
0.271218
-2.30166
-4.65978
-5.75156
-5.20469
-3.52671
-1.8287
-1.22182
-2.21397
-4.4334
-6.82932
-8.24061
-8.02443
-6.40401
-4.34703
-3.04055
-3.24719
-4.89136
-7.10011
-8.67615
-8.74689
-7.23755
-4.91188
-2.95846
-2.34689
-3.30261
-5.1854
-6.83705
-7.20998
-5.93598
-3.52671
-1.09741
0.236601
-0.0367013
-1.54966
-3.25549
-3.997
-3.13516
-0.896853
1.74672
3.60517
3.91274
2.74209
0.963485
-0.228227
0.0373514
1.8331
4.39365
6.52905
7.26872
6.38644
4.52204
2.83362
2.36897
3.49682
5.70634
7.88343
8.9142
8.28834
6.37553
4.22481
2.99591
3.33062
5.00506
7.05123
8.28213
7.93558
6.08795
3.61336
1.7106
1.25411
2.32089
4.14968
5.55472
5.56956
3.97211
1.40625
-0.965913
-2.09273
-1.60168
-1.81E-06
1.60168
2.09273
0.965917
-1.40625
-3.9721
-5.56956
-5.55472
-4.14969
-2.32089
-1.25411
-1.7106
-3.61335
-6.08795
-7.93558
-8.28213
-7.05124
-5.00506
-3.33063
-2.99591
-4.2248
-6.37552
-8.28834
-8.9142
-7.88343
-5.70634
-3.49682
-2.36897
-2.83362
-4.52203
-6.38643
-7.26872
-6.52906
-4.39365
-1.83311
-0.0373536
0.228228
-0.963482
-2.74208
-3.91274
-3.60517
-1.74673
0.896847
3.13515
3.997
3.2555
1.54966
0.0367034
-0.236602
1.0974
3.52671
5.93597
7.20998
6.83705
5.1854
3.30261
2.34689
2.95846
4.91187
7.23755
8.74689
8.67615
7.10011
4.89137
3.24719
3.04055
4.34703
6.40401
8.02443
8.24061
6.82933
4.4334
2.21397
1.22182
1.82869
3.52671
5.20469
5.75156
4.65978
2.30166
-0.271214
-1.89672
-1.93081
-0.595291
1.14379
2.10117
1.51622
-0.533335
-3.17223
-5.20073
-5.74369
-4.72363
-2.90151
-1.46309
-1.37499
-2.85972
-5.27403
-7.4567
-8.35713
-7.60411
-5.70634
-3.77615
-2.92604
-3.66526
-5.62352
-7.75151
-8.88963
-8.39659
-6.4972
-4.16072
-2.57579
-2.50662
-3.8792
-5.8221
-7.13956
-6.96045
-5.21141
-2.65755
-0.488757
0.324167
-0.44539
-2.15825
-3.65716
-3.89543
-2.5056
-3.10E-06
2.5056
3.89543
3.65717
2.15825
0.445393
-0.324167
0.488754
2.65754
5.21141
6.96045
7.13956
5.82211
3.8792
2.50662
2.57579
4.16071
6.4972
8.39659
8.88963
7.75152
5.62353
3.66526
2.92604