1651 4 000 0 00
0
1.251
-1.752
2.126
-0.879
0.368
1.613
-1.398
2.469
-0.548
0.685
1.913
-1.116
2.733
-0.305
0.905
2.11
-0.944
2.879
-0.185
0.998
2.175
-0.906
2.889
-0.204
0.951
2.101
-1.008
2.76
-0.359
0.771
1.896
-1.236
2.51
-0.629
0.482
1.59
-1.557
2.175
-0.976
0.125
1.226
-1.927
1.802
-1.351
-0.249
0.855
-2.293
1.443
-1.701
-0.588
0.529
-2.605
1.148
-1.977
-0.844
0.293
-2.817
0.959
-2.141
-0.982
0.182
-2.901
0.903
-2.169
-0.982
0.21
-2.845
0.987
-2.058
-0.844
0.374
-2.656
1.199
-1.823
-0.588
0.65
-2.362
1.511
-1.497
-0.249
1.001
-2.002
1.877
-1.125
0.125
1.375
-1.629
2.247
-0.761
0.482
1.722
-1.294
2.568
-0.455
0.771
1.992
-1.045
2.796
-0.25
0.951
2.147
-0.915
2.898
-0.176
0.998
2.166
-0.925
2.861
-0.241
0.905
2.046
-1.072
2.688
-0.438
0.685
1.803
-1.335
2.406
-0.738
0.368
1.473
-1.678
2.052
-1.1
0
1.1
-2.052
1.678
-1.473
-0.368
0.738
-2.406
1.335
-1.803
-0.685
0.438
-2.688
1.072
-2.046
-0.905
0.241
-2.861
0.925
-2.166
-0.998
0.176
-2.898
0.915
-2.147
-0.951
0.25
-2.796
1.045
-1.992
-0.771
0.455
-2.568
1.294
-1.722
-0.482
0.761
-2.247
1.629
-1.375
-0.125
1.125
-1.877
2.002
-1.001
0.249
1.497
-1.511
2.362
-0.65
0.588
1.823
-1.199
2.656
-0.374
0.844
2.058
-0.987
2.845
-0.21
0.982
2.169
-0.903
2.901
-0.182
0.982
2.141
-0.959
2.817
-0.293
0.844
1.977
-1.148
2.605
-0.529
0.588
1.701
-1.443
2.293
-0.855
0.249
1.351
-1.802
1.927
-1.226
-0.125
0.976
-2.175
1.557
-1.59
-0.482
0.629
-2.51
1.236
-1.896
-0.771
0.359
-2.76
1.008
-2.101
-0.951
0.204
-2.889
0.906
-2.175
-0.998
0.185
-2.879
0.944
-2.11
-0.905
0.305
-2.733
1.116
-1.913
-0.685
0.548
-2.469
1.398
-1.613
-0.368
0.879
-2.126
1.752
-1.251
0
1.251
-1.752
2.126
-0.879
0.368
1.613
-1.398
2.469
-0.548
0.685
1.913
-1.116
2.733
-0.305
0.905
2.11
-0.944
2.879
-0.185
0.998
2.175
-0.906
2.889
-0.204
0.951
2.101
-1.008
2.76
-0.359
0.771
1.896
-1.236
2.51
-0.629
0.482
1.59
-1.557
2.175
-0.976
0.125
1.226
-1.927
1.802
-1.351
-0.249
0.855
-2.293
1.443
-1.701
-0.588
0.529
-2.605
1.148
-1.977
-0.844
0.293
-2.817
0.959
-2.141
-0.982
0.182
-2.901
0.903
-2.169
-0.982
0.21
-2.845
0.987
-2.058
-0.844
0.374
-2.656
1.199
-1.823
-0.588
0.65
-2.362
1.511
-1.497
-0.249
1.001
-2.002
1.877
-1.125
0.125
1.375
-1.629
2.247
-0.761
0.482
1.722
-1.294
2.568
-0.455
0.771
1.992
-1.045
2.796
-0.25
0.951
2.147
-0.915
2.898
-0.176
0.998
2.166
-0.925
2.861
-0.241
0.905
2.046
-1.072
2.688
-0.438
0.685
1.803
-1.335
2.406
-0.738
0.368
1.473
-1.678
2.052
-1.1
0
1.1
-2.052
1.678
-1.473
-0.368
0.738
-2.406
1.335
-1.803
-0.685
0.438
-2.688
1.072
-2.046
-0.905
0.241
-2.861
0.925
-2.166
-0.998
0.176
-2.898
0.915
-2.147
-0.951
0.25
-2.796
1.045
-1.992
-0.771
0.455
-2.568
1.294
-1.722
-0.482
0.761
-2.247
1.629
-1.375
-0.125
1.125
-1.877
2.002
-1.001
0.249
1.497
-1.511
2.362
-0.65
0.588
1.823
-1.199
2.656
-0.374
0.844
2.058
-0.987
2.845
-0.21
0.982
2.169
-0.903
2.901
-0.182
0.982
2.141
-0.959
2.817
-0.293
0.844
1.977
-1.148
2.605
-0.529
0.588
1.701
-1.443
2.293
-0.855
0.249
1.351
-1.802
1.927
-1.226
-0.125
0.976
-2.175
1.557
-1.59
-0.482
0.629
-2.51
1.236
-1.896
-0.771
0.359
-2.76
1.008
-2.101
-0.951
0.204
-2.889
0.906
-2.175
-0.998
0.185
-2.879
0.944
-2.11
-0.905
0.305
-2.733
1.116
-1.913
-0.685
0.548
-2.469
1.398
-1.613
-0.368
0.879
-2.126
1.752
-1.251
0
1.251
-1.752
2.126
-0.879
0.368
1.613
-1.398
2.469
-0.548
0.685
1.913
-1.116
2.733
-0.305
0.905
2.11
-0.944
2.879
-0.185
0.998
2.175
-0.906
2.889
-0.204
0.951
2.101
-1.008
2.76
-0.359
0.771
1.896
-1.236
2.51
-0.629
0.482
1.59
-1.557
2.175
-0.976
0.125
1.226
-1.927
1.802
-1.351
-0.249
0.855
-2.293
1.443
-1.701
-0.588
0.529
-2.605
1.148
-1.977
-0.844
0.293
-2.817
0.959
-2.141
-0.982
0.182
-2.901
0.903
-2.169
-0.982
0.21
-2.845
0.987
-2.058
-0.844
0.374
-2.656
1.199
-1.823
-0.588
0.65
-2.362
1.511
-1.497
-0.249
1.001
-2.002
1.877
-1.125
0.125
1.375
-1.629
2.247
-0.761
0.482
1.722
-1.294
2.568
-0.455
0.771
1.992
-1.045
2.796
-0.25
0.951
2.147
-0.915
2.898
-0.176
0.998
2.166
-0.925
2.861
-0.241
0.905
2.046
-1.072
2.688
-0.438
0.685
1.803
-1.335
2.406
-0.738
0.368
1.473
-1.678
2.052
-1.1
0
1.1
-2.052
1.678
-1.473
-0.368
0.738
-2.406
1.335
-1.803
-0.685
0.438
-2.688
1.072
-2.046
-0.905
0.241
-2.861
0.925
-2.166
-0.998
0.176
-2.898
0.915
-2.147
-0.951
0.25
-2.796
1.045
-1.992
-0.771
0.455
-2.568
1.294
-1.722
-0.482
0.761
-2.247
1.629
-1.375
-0.125
1.125
-1.877
2.002
-1.001
0.249
1.497
-1.511
2.362
-0.65
0.588
1.823
-1.199
2.656
-0.374
0.844
2.058
-0.987
2.845
-0.21
0.982
2.169
-0.903
2.901
-0.182
0.982
2.141
-0.959
2.817
-0.293
0.844
1.977
-1.148
2.605
-0.529
0.588
1.701
-1.443
2.293
-0.855
0.249
1.351
-1.802
1.927
-1.226
-0.125
0.976
-2.175
1.557
-1.59
-0.482
0.629
-2.51
1.236
-1.896
-0.771
0.359
-2.76
1.008
-2.101
-0.951
0.204
-2.889
0.906
-2.175
-0.998
0.185
-2.879
0.944
-2.11
-0.905
0.305
-2.733
1.116
-1.913
-0.685
0.548
-2.469
1.398
-1.613
-0.368
0.879
-2.126
1.752
-1.251
0
1.251
-1.752
2.126
-0.879
0.368
1.613
-1.398
2.469
-0.548
0.685
1.913
-1.116
2.733
-0.305
0.905
2.11
-0.944
2.879
-0.185
0.998
2.175
-0.906
2.889
-0.204
0.951
2.101
-1.008
2.76
-0.359
0.771
1.896
-1.236
2.51
-0.629
0.482
1.59
-1.557
2.175
-0.976
0.125
1.226
-1.927
1.802
-1.351
-0.249
0.855
-2.293
1.443
-1.701
-0.588
0.529
-2.605
1.148
-1.977
-0.844
0.293
-2.817
0.959
-2.141
-0.982
0.182
-2.901
0.903
-2.169
-0.982
0.21
-2.845
0.987
-2.058
-0.844
0.374
-2.656
1.199
-1.823
-0.588
0.65
-2.362
1.511
-1.497
-0.249
1.001
-2.002
1.877
-1.125
0.125
1.375
-1.629
2.247
-0.761
0.482
1.722
-1.294
2.568
-0.455
0.771
1.992
-1.045
2.796
-0.25
0.951
2.147
-0.915
2.898
-0.176
0.998
2.166
-0.925
2.861
-0.241
0.905
2.046
-1.072
2.688
-0.438
0.685
1.803
-1.335
2.406
-0.738
0.368
1.473
-1.678
2.052
-1.1
0
1.1
-2.052
1.678
-1.473
-0.368
0.738
-2.406
1.335
-1.803
-0.685
0.438
-2.688
1.072
-2.046
-0.905
0.241
-2.861
0.925
-2.166
-0.998
0.176
-2.898
0.915
-2.147
-0.951
0.25
-2.796
1.045
-1.992
-0.771
0.455
-2.568
1.294
-1.722
-0.482
0.761
-2.247
1.629
-1.375
-0.125
1.125
-1.877
2.002
-1.001
0.249
1.497
-1.511
2.362
-0.65
0.588
1.823
-1.199
2.656
-0.374
0.844
2.058
-0.987
2.845
-0.21
0.982
2.169
-0.903
2.901
-0.182
0.982
2.141
-0.959
2.817
-0.293
0.844
1.977
-1.148
2.605
-0.529
0.588
1.701
-1.443
2.293
-0.855
0.249
1.351
-1.802
1.927
-1.226
-0.125
0.976
-2.175
1.557
-1.59
-0.482
0.629
-2.51
1.236
-1.896
-0.771
0.359
-2.76
1.008
-2.101
-0.951
0.204
-2.889
0.906
-2.175
-0.998
0.185
-2.879
0.944
-2.11
-0.905
0.305
-2.733
1.116
-1.913
-0.685
0.548
-2.469
1.398
-1.613
-0.368
0.879
-2.126
1.752
-1.251
0
1.251
-1.752
2.126
-0.879
0.368
1.613
-1.398
2.469
-0.548
0.685
1.913
-1.116
2.733
-0.305
0.905
2.11
-0.944
2.879
-0.185
0.998
2.175
-0.906
2.889
