1651 4 c280 1 190 0
0.0
0.01362153
-0.008741324
0.02254245
0.006446111
0.01757574
0.03704741
0.02163656
0.06098815
0.05406977
0.07545118
0.1061511
0.1028333
0.1549505
0.1613277
0.1961946
0.2404119
0.2502731
0.314976
0.3330348
0.3783583
0.431561
0.4486231
0.5185916
0.5396798
0.5857436
0.6372606
0.650144
0.7134479
0.7254453
0.7600703
0.7979177
0.8014049
0.827189
0.8482768
0.8376937
0.8658007
0.8455433
0.8473254
0.8442898
0.8096119
0.8137888
0.7698824
0.7484596
0.7227801
0.6661392
0.6491665
0.5850553
0.5444708
0.5007896
0.4274139
0.3950599
0.317
0.2640058
0.2095061
0.1269622
0.08714294
0.00339091
-0.05353802
-0.1101571
-0.1930008
-0.2312984
-0.3117293
-0.3635345
-0.4132725
-0.4875109
-0.5155362
-0.5840773
-0.6224429
-0.6572806
-0.7152255
-0.7256627
-0.7754164
-0.7939255
-0.8079194
-0.8441786
-0.8321884
-0.8589169
-0.8539131
-0.8440686
-0.85628
-0.8201631
-0.8228363
-0.7939953
-0.7606277
-0.7498029
-0.6912631
-0.6722451
-0.6225452
-0.569316
-0.5396976
-0.4635629
-0.4282438
-0.363636
-0.2969593
-0.2554438
-0.1690297
-0.1251103
-0.05361333
0.01818823
0.06302463
0.1509583
0.1945855
0.2639555
0.3318191
0.3709544
0.4514278
0.485881
0.5444333
0.5998894
0.6250742
0.690166
0.7078803
0.748422
0.784713
0.7897004
0.8336355
0.8293947
0.8472997
0.860387
0.8417257
0.8617412
0.8334023
0.8271854
0.8162722
0.773868
0.7705125
0.719333
0.6909173
0.6585779
0.5956479
0.5727676
0.5031918
0.457617
0.4094314
0.3320642
0.2962681
0.2153379
0.160036
0.1038214
0.02016208
-0.02016206
-0.1038214
-0.160036
-0.2153379
-0.2962681
-0.3320641
-0.4094315
-0.457617
-0.5031919
-0.5727676
-0.5956479
-0.6585779
-0.6909173
-0.719333
-0.7705126
-0.773868
-0.8162723
-0.8271853
-0.8334023
-0.8617411
-0.8417258
-0.8603869
-0.8472998
-0.8293949
-0.8336354
-0.7897004
-0.7847132
-0.7484219
-0.7078802
-0.6901659
-0.6250741
-0.5998894
-0.5444334
-0.4858811
-0.4514278
-0.3709544
-0.331819
-0.2639554
-0.1945854
-0.1509584
-0.06302463
-0.01818824
0.05361333
0.1251103
0.1690297
0.2554438
0.2969594
0.363636
0.4282438
0.4635629
0.5396976
0.569316
0.6225452
0.6722451
0.6912631
0.7498029
0.7606278
0.7939953
0.8228364
